 0.861913 7.718906 6.186617
 0.679953 7.699753 6.224925
 0.708684 7.5561 5.870583
 0.603339 7.450756 6.244078
 0.584185 7.623138 6.378153
 0.450110 7.584831 6.148310
 0.727837 7.594408 5.717354
 0.565032 7.508216 6.282385
 0.430956 7.469909 5.947197
 0.421380 7.575254 6.560112
 0.679953 7.623138 6.291962
 0.383072 7.383718 6.368577
 0.402226 7.067683 6.339846
 0.488417 7.613562 6.416461
 0.497994 7.431602 6.215348
 0.497994 7.52737 6.483498
 0.565032 7.28795 6.579266
 0.708684 7.508216 6.311116
 0.459687 7.335834 6.148310
 0.392649 7.230489 6.646304
 0.651223 7.623138 6.732495
 0.450110 7.297527 6.291962
 0.469264 7.278373 6.560112
 0.545878 7.211336 6.540959
 0.555455 7.402872 6.435614
 0.517148 7.31668 6.445191
 0.545878 7.268796 6.579266
 0.354342 7.240066 6.550536
 0.517148 7.201759 6.694188
 0.469264 7.125144 6.856994
 0.545878 7.153875 6.876147
 0.316035 7.000646 6.579266
 0.430956 6.981492 6.493075
 0.239420 6.828263 6.761226
 0.507571 6.761226 7.010222
 0.191536 6.550536 7.307104
 0.555455 6.569689 6.799533
 -0.086191 6.052542 7.613562
 0.689530 6.167464 7.939173
 0.603339 6.224925 7.536947
 -0.028730 5.899313 7.575254
 -0.124498 5.631162 7.996634
 -0.153229 5.640739 8.159439
 0.086191 5.631162 8.370130
 0.143652 5.430049 8.149862
 -0.392649 4.989516 8.580819
 0.134075 5.066131 8.408437
 -0.009577 4.979939 8.034941
 0.162806 5.00867 8.322245
 0.086191 4.817134 8.341399
 -0.057461 4.683059 8.829816
 0.450110 4.932055 8.839393
 0.287304 4.434062 9.241618
 0.201113 4.34787 8.657434
 -0.162806 4.223372 8.925584
 -0.536301 3.409343 8.628703
 0.593762 6.224925 9.050082
 14.681245 14.001291 9.002198
 -39.705441 -21.940464 26.949135
 12.775460 7.383718 -1.465251
 24.890121 20.609289 -8.236053
 -35.529953 -20.609289 24.171860
 6.205771 4.932055 8.303091
 38.642414 29.726408 -9.318233
 -40.605659 -27.629087 28.174965
 19.230228 12.018892 3.878607
 40.998310 31.373619 -6.224925
 -49.100288 -29.027302 24.746469
 -3.552995 -8.647857 14.317327
 37.387856 30.74155 -5.698200
 -18.109741 -16.682798 24.794353
 -28.711267 -21.997925 12.574347
 49.665321 36.181175 -14.853627
 -19.871874 -15.705963 33.049561
 -19.699492 -15.677233 13.158532
 27.715279 20.810402 -7.508216
 -13.235147 -5.161899 35.692760
 8.580819 7.805098 -13.244724
 18.875887 15.380352 -40.021477
 -4.683059 -4.625597 23.961170
 22.840685 21.452047 -51.954178
 -12.555194 -4.462792 50.546387
 -6.502652 -1.359907 27.121517
 -0.651223 14.54717 -49.061981
 7.249643 0.526724 48.085148
 1.072602 7.517793 -6.770802
 -7.603985 9.136273 -29.573179
 22.352266 5.45878 39.082947
 -12.804191 8.207323 -33.231518
 -2.547431 5.679047 8.398860
 27.370514 6.847417 32.656910
 -25.215733 5.90889 -46.045288
 12.765883 2.72939 11.520899
 9.203311 6.550536 -2.959233
 -25.005043 6.301539 -37.493198
 23.357832 4.79798 32.628181
 11.932701 6.694188 6.799533
 -10.400413 12.038046 -36.631287
 2.451663 -0.057461 18.502390
 0.067038 1.398214 13.484144
 8.647857 13.292608 -3.035848
 2.451663 8.121132 6.655881
 -0.373495 5.793968 5.688623
 0.517148 5.391742 10.419566
 1.857901 7.402872 7.814674
 1.398214 6.713342 6.971915
 0.919373 6.157887 7.833828
 -0.162806 5.975927 7.316680
 0.076614 6.272809 7.623138
 0.344765 5.975927 8.044518
 -0.162806 5.765238 8.552089
 0.325611 6.062119 7.383718
 0.162806 5.93762 7.862558
 0.497994 6.062119 7.536947
 0.248997 5.870583 7.556100
 0.459687 5.947197 7.584831
 0.143652 5.880159 8.025364
 0.603339 6.071695 8.207323
 0.277727 5.803545 7.977480
 0.392649 5.928043 7.747637
 0.497994 5.90889 7.958326
 0.641646 5.956774 7.431602
 0.402226 5.928043 8.197746
 0.316035 5.822699 7.843405
 0.363919 5.90889 7.939173
 0.536301 5.851429 7.728483
 0.536301 5.966351 7.661446
 0.421380 5.822699 7.881712
 0.363919 5.746084 7.556100
 0.689530 5.995081 7.862558
 0.555455 5.880159 8.408437
 0.296881 5.870583 7.948750
 0.248997 5.640739 8.178593
 0.354342 5.870583 7.450756
 0.718261 5.947197 7.728483
 0.392649 5.803545 7.785944
 0.488417 5.784391 7.824251
 0.392649 5.841852 7.766790
 0.450110 5.822699 7.699753
 0.258574 5.640739 7.450756
 0.086191 5.439626 7.929596
 0.162806 5.45878 7.556100
 0.229843 5.324705 7.862558
 0.239420 5.334281 7.661446
 0.689530 5.21936 7.843405
 1.331176 5.133168 8.121132
 1.273715 4.76925 8.236053
 1.561020 4.596867 9.011775
 1.944092 4.548983 7.814674
 2.068590 4.204218 8.628703
 2.949656 4.185065 8.025364
 3.438074 4.242526 8.082825
 4.003105 4.127604 8.590396
 3.830723 4.261679 7.833828
 4.175488 3.667917 8.609550
 4.367024 3.562572 6.512228
 6.081272 4.146757 6.512228
 5.602432 3.974375 7.345411
 6.885724 3.974375 5.966351
 6.301539 3.533842 6.732495
 6.579266 3.246537 5.315128
 7.852982 3.371036 4.836287
 7.297527 2.911349 4.175488
 8.599973 2.671929 3.552995
 8.092402 2.930503 3.907337
 8.580819 2.662352 3.064578
 9.184157 1.857901 4.098873
 9.088389 1.944092 3.955221
 9.241618 0.622492 2.413355
 8.676587 1.015141 3.007117
 8.475474 -1.082179 0.392649
 7.498640 -0.220267 1.043872
 14.384364 -0.593762 -3.016694
 54.942142 -0.095768 13.512875
 -2.911349 -5.066131 -5.372589
 -31.976957 -6.416461 -4.309563
 9.749189 -5.094861 -5.114015
 47.299850 3.045424 3.983952
 17.190369 1.446098 6.607996
 -31.325735 -3.907337 1.580173
 21.557392 -5.851429 -5.458780
 47.424347 1.331176 6.981492
 -9.337387 -0.306458 -6.291962
 -27.111940 -9.883265 3.246537
 59.969963 0.632069 -5.420473
 16.376339 -0.363919 5.420473
 -20.992361 -1.043872 -7.058106
 9.672575 -3.342306 -10.544065
 34.332851 -0.593762 2.940080
 15.629349 -0.134075 29.582756
 -2.700660 -2.27928 -21.701044
 1.369483 -4.252102 -41.754879
 14.221559 -12.737153 67.554794
 20.484789 -2.346318 12.363658
 5.851429 5.899313 -53.160854
 7.651869 -9.375694 32.580296
 17.860744 -7.402872 12.162544
 9.260772 2.557007 -47.098736
 11.923124 -3.342306 19.766529
 16.625336 1.82917 12.239159
 2.719813 0.153229 -14.614207
 -11.109096 -1.570596 -20.800825
 37.675159 8.542512 19.488802
 -4.989516 -2.710236 -21.317972
 -26.901251 -7.584831 -17.937359
 25.828648 6.301539 -3.878607
 6.119579 0.02873 -5.650316
 -34.093433 -9.509769 -21.978771
 25.981876 3.734955 -1.762132
 22.064962 4.817134 10.026917
 12.469003 2.346318 -19.594147
 8.130709 1.771709 -17.448942
 -3.256114 -2.547431 16.539145
 -10.429143 -1.455675 11.760319
 12.785037 -0.344765 -31.411926
 -4.654328 -8.293514 -5.382165
 14.853627 1.924938 24.861391
 0.746991 1.465251 -34.208355
 4.089296 -0.823605 10.496181
 13.905523 3.476381 1.120486
 13.991714 5.018247 -0.727837
 6.607996 3.189077 6.493075
 6.090849 2.901772 6.454768
 6.464345 3.361459 4.175488
 6.933608 3.007117 6.521805
 6.052542 3.495534 7.096414
 6.368577 4.031836 6.426037
 4.721366 3.792415 6.090849
 6.311116 3.438074 7.594408
 6.378153 3.763685 6.742072
 6.042965 3.715801 6.646304
 5.353435 3.457227 7.105990
 7.010222 3.974375 6.224925
 5.908890 3.572149 6.550536
 5.841852 3.706224 6.761226
 5.908890 3.552995 6.809110
 6.406884 3.725378 6.550536
 5.612009 3.610456 6.665458
 5.985504 3.639187 6.646304
 5.889736 3.65834 6.684611
 5.841852 3.696647 6.924031
 5.688623 3.648763 6.732495
 6.004658 3.706224 6.962338
 6.081272 3.65834 6.837840
 5.832275 3.734955 6.732495
 5.793968 3.754108 6.904878
 5.985504 3.763685 6.732495
 5.669470 3.62961 7.268796
 5.899313 3.801992 6.569689
 5.698200 3.754108 6.885724
 5.755661 3.744531 6.751649
 5.918467 3.677494 6.885724
 5.841852 3.830723 6.617573
 5.688623 3.754108 7.211336
 6.081272 3.821146 6.876147
 5.966351 3.801992 6.991069
 6.253655 3.916914 6.732495
 6.397307 3.89776 7.048530
 6.110003 4.213795 6.895301
 5.841852 4.328717 7.374141
 5.535394 4.434062 7.374141
 5.420473 4.577713 7.038953
 5.114015 4.692636 7.000646
 4.807557 4.702212 7.259220
 4.434062 5.00867 7.240066
 4.290410 5.228937 6.971915
 3.964798 5.439626 7.067683
 4.213795 5.497087 6.981492
 3.246537 5.573701 7.287950
 3.380613 6.004658 6.789956
 2.901772 5.822699 6.914454
 2.873042 6.110003 6.789956
 2.738967 6.38773 6.512228
 2.528277 6.397307 6.722919
 2.183512 6.540959 6.378153
 1.982399 6.493075 6.962338
 1.474828 6.569689 6.521805
 0.814029 6.397307 7.374141
 0.296881 6.282385 6.655881
 0.737414 6.885724 6.818686
 1.273715 7.268796 5.382165
 -4.137180 3.983952 8.657434
 0.411803 6.694188 10.247183
 27.858931 14.978126 -12.670115
 -64.116722 -23.309948 31.699230
 5.228937 0.316035 9.634268
 35.855564 21.17432 -14.872781
 -56.378662 -24.880545 21.978771
 8.887277 0.459687 8.552089
 53.524773 35.884296 -17.362751
 -55.918976 -27.820623 26.020184
 4.213795 -2.738967 8.906430
 53.802502 37.416584 -16.414646
 -50.211197 -28.117504 29.084763
 1.340753 -3.725378 10.256760
 51.676449 39.513905 -20.523096
 -34.122162 -25.857378 26.891674
 14.604630 3.44765 4.625597
 44.953529 31.095892 -20.379444
 -66.644997 -36.286522 35.319263
 44.599190 27.32263 -11.587936
 31.095892 23.654713 -31.737537
 -46.629471 -31.967381 69.996880
 2.786851 -6.770802 -8.092402
 8.963891 18.83758 -51.532799
 1.063026 -4.395754 70.456566
 21.270088 -8.169016 -29.381643
 -30.176517 -3.351882 -49.741936
 37.512352 12.516887 29.305029
 10.218452 -5.774815 -9.653421
 -31.402349 -16.529568 -32.417492
 20.590134 7.278373 1.369483
 17.171215 -1.034295 -6.837840
 -11.473015 -18.47366 -13.857639
 -18.828003 -7.661446 -6.914454
 22.045809 -2.001553 19.565416
 -2.240973 -19.881451 -29.803022
 -8.465898 -14.566323 -8.312668
 11.654974 -8.762778 3.955221
 -7.910442 -16.299725 -21.404163
 -9.375694 -20.484789 -8.446744
 7.173028 -8.408437 -21.748928
 1.829170 -18.02355 -12.746730
 4.845864 -0.23942 9.509769
 -4.616021 2.853889 -5.669470
 -6.253655 6.924031 0.287304
 1.618480 3.131616 12.181698
 -4.596867 6.464345 1.312023
 -7.709330 1.838747 23.453600
 -5.267244 4.79798 -10.189722
 12.018892 9.624691 -22.610842
 -0.804452 9.050082 11.884817
 -10.668563 9.097966 -1.063026
 -3.869030 -0.842759 3.380613
 7.987057 7.565677 41.802761
 -7.556100 11.434708 -24.957159
 2.173935 -1.963245 29.649794
 -7.747637 4.711789 -9.461885
 -4.683059 1.340753 12.143391
 -3.648763 2.777274 22.208614
 -9.270349 2.978387 -7.316680
 3.016694 4.376601 23.415293
 -9.021352 7.086837 -19.172768
 7.354988 8.532935 28.127081
 -1.647211 7.920019 -7.738060
 5.133168 8.360553 11.080365
 0.162806 7.52737 -0.689530
 -0.430956 7.345411 9.902418
 -1.369483 7.10599 5.832275
 0.402226 7.412448 5.104438
 0.335188 7.73806 7.182605
 0.009577 7.757214 5.803545
 -0.124498 7.431602 6.493075
 -0.469264 7.307104 6.119579
 -0.105345 7.49864 5.841852
 0.373495 7.460332 7.249643
 -0.699107 7.450756 6.751649
 -0.555455 7.115568 6.435614
 -0.105345 7.335834 6.646304
 -0.622492 7.125144 6.339846
 -0.517148 7.153875 6.540959
 -0.871489 7.038953 6.598420
 -0.469264 7.268796 6.675035
 -0.459687 7.134721 7.393295
 -0.622492 7.249643 6.665458
 -0.670376 7.134721 6.952762
 -0.718261 7.04853 6.665458
 -0.660800 6.971915 6.722919
 -0.660800 7.04853 6.694188
 -0.622492 7.096414 6.636727
 -0.823605 6.952762 7.019799
 -0.718261 7.096414 6.502652
 -0.699107 7.038953 6.962338
 -0.612916 7.058106 7.000646
 -0.584185 6.943185 6.895301
 -0.833182 6.818686 6.665458
 -0.632069 6.818686 6.588843
 -0.823605 6.80911 7.000646
 -0.383072 6.981492 7.086837
 -0.814029 6.780379 6.981492
 -0.775721 6.540959 6.943185
 -0.440533 6.627151 6.952762
 -0.555455 6.493075 7.211336
 -0.766145 6.14831 7.632715
 -0.402226 6.291962 7.450756
 -0.536301 6.253655 7.498640
 0.086191 6.253655 7.498640
 -0.047884 6.090849 6.588843
 1.034295 6.042965 7.326257
 1.015141 5.995081 7.240066
 1.781286 6.014235 8.121132
 1.934515 5.899313 8.532935
 3.026271 5.784391 7.833828
 3.380613 6.406884 6.560112
 3.763685 5.726931 7.268796
 4.481946 5.822699 6.359000
 4.616021 4.874595 7.029376
 5.200206 5.544971 6.062119
 6.406884 4.979939 7.086837
 5.707777 5.142745 5.726931
 5.363012 5.497087 4.462792
 4.491522 4.855441 4.587290
 7.326257 5.343858 3.303998
 5.477933 5.00867 3.629610
 8.073248 5.66947 0.852336
 7.718906 4.644751 2.547431
 8.848969 5.870583 -1.273715
 7.651869 5.181053 -0.612916
 7.833828 5.094861 -1.953669
 6.607996 4.941632 -2.327164
 8.159439 6.244078 -4.884171
 6.387730 5.324705 -5.190629
 7.240066 5.506664 -4.232949
 5.659893 5.24809 -5.793968
 5.956774 5.66947 -7.163452
 3.763685 4.386178 -6.885724
 4.338294 5.525817 -9.739613
 5.458780 5.650316 -9.097966
 -8.839393 9.030929 -20.561403
 3.303998 4.673482 -12.191275
 24.344242 -11.15698 22.246922
 -27.159824 8.935161 -35.750221
 1.139640 1.493982 -17.238253
 30.186094 -7.144298 18.569427
 -23.654713 13.464991 -49.272671
 2.461239 6.062119 -37.837963
 41.161114 -17.094601 46.169785
 -31.249121 9.375694 -47.778690
 -2.566584 5.200206 -38.843529
 50.316544 -17.592594 51.609413
 -9.720459 -2.25055 -37.512352
 -22.677879 11.81778 -53.505619
 51.312531 -16.864758 47.022121
 2.221819 -9.021352 -10.352529
 -43.277592 21.586123 -63.149464
 50.230350 -13.43626 37.205894
 15.428236 -7.297527 -0.459687
 -43.200977 20.944477 -61.645905
 22.706610 -11.990162 9.337387
 34.945766 -11.405977 4.960786
 -42.789173 17.736246 -58.945248
 48.142609 -15.035586 28.816612
 7.249643 -4.721366 -7.019799
 -39.245754 20.896593 -54.175995
 11.913548 -10.448297 1.493982
 36.736629 -9.892841 15.734694
 -42.272026 19.10573 -56.235008
 22.084116 -8.944737 4.414908
 30.233978 -9.854534 16.405069
 -38.173153 19.239805 -59.874195
 22.055386 -9.749189 7.958326
 25.857378 -8.60955 12.574347
 -37.397430 16.203957 -53.639694
 20.800825 -8.542512 9.950302
 33.068714 -3.083732 16.797720
 -10.141838 3.131616 -22.218191
 -13.158532 8.015787 -24.813507
 12.880805 1.944092 -2.624045
 10.515334 4.979939 -0.258574
 4.357447 5.506664 -3.581726
 3.763685 6.416461 -3.811569
 5.583278 7.536947 -5.793968
 5.420473 7.019799 -3.303998
 4.797980 7.28795 -3.265691
 4.826711 7.575254 -3.016694
 5.497087 7.469909 -1.944092
 5.008670 7.354988 -2.537854
 6.023811 7.996634 -3.007117
 4.845864 7.73806 -0.028730
 4.960786 8.60955 -2.604892
 5.305551 8.303091 -1.522712
 4.663905 8.705317 -2.030283
 4.836287 8.226477 -0.823605
 4.922479 8.954314 -1.532289
 3.763685 8.149862 0.000000
 4.548983 9.270349 -1.637634
 4.261679 8.389283 -0.143652
 4.137180 8.954314 -0.794875
 3.438074 8.944737 -0.881066
 3.562572 9.069236 -0.670376
 3.236961 9.471462 -0.852336
 3.227384 9.500193 -0.632069
 2.442086 9.749189 -0.306458
 2.240973 9.5385 -0.105345
 1.924938 9.959879 -0.057461
 1.647211 9.710882 0.938527
 1.742979 9.011775 2.011129
 1.197101 9.212888 2.106898
 1.474828 9.749189 1.312023
 1.120486 10.093954 1.647211
 1.340753 10.764331 1.790863
 1.695095 11.664551 1.474828
 0.067038 11.645397 1.244985
 2.394202 3.41892 1.455675
 1.455675 -13.311762 13.541605
 -3.888184 13.819332 -11.176133
 -6.301539 48.372452 -12.277467
 8.963891 15.160085 0.095768
 5.477933 -21.643583 3.725378
 -4.625597 -20.69548 -2.279280
 13.532028 23.147142 -5.975927
 12.861651 62.86216 -7.326257
 7.077260 9.643845 -5.458780
 3.227384 -32.216377 5.554548
 -6.129156 -15.389929 -1.637634
 10.314221 55.449711 -13.378799
 13.886370 31.115046 2.193089
 0.383072 -6.454768 -0.497994
 -2.585738 -35.529953 11.961432
 -3.438074 -3.955221 -6.627151
 15.303738 58.428097 -16.692375
 7.010222 26.834213 -2.853889
 5.793968 -1.704672 -3.361459
 -2.288857 -36.813244 13.838486
 3.102885 20.235792 -15.313314
 16.136919 59.950809 -9.576807
 6.627151 13.819332 -4.146757
 3.552995 -14.279019 -0.871489
 -3.160346 -28.816612 8.561666
 5.544971 35.309689 -15.696386
 9.337387 59.041016 -12.162544
 7.335834 4.309563 -1.848324
 3.208230 -33.662476 10.907983
 -2.461239 -10.505757 -5.219360
 14.748282 59.969963 -19.383457
 8.916007 14.116213 0.584185
 1.283292 -13.867216 -1.063026
 -13.168109 -30.837318 11.999739
 6.914454 7.364564 -10.247183
 36.114140 31.603462 3.284845
 27.686548 2.681506 20.743364
 -14.738706 -5.161899 -10.678140
 -6.789956 -9.77792 2.173935
 33.164482 0.785298 20.389021
 22.371420 0.383072 18.981232
 -4.347870 -8.379706 -0.306458
 -18.128895 -8.63828 -5.880159
 9.145850 2.30801 3.342306
 29.668947 16.136919 13.522451
 16.970102 4.443638 12.593501
 -4.165911 -5.133168 1.685518
 -0.469264 -1.340753 2.585738
 8.619126 3.485958 7.862558
 7.479486 1.446098 12.095507
 6.224925 1.752556 9.634268
 4.865018 1.35033 6.809110
 3.428497 2.011129 7.211336
 3.782839 3.323152 8.906430
 4.156334 3.581726 9.136273
 3.591303 4.050989 8.418014
 2.863465 3.543418 8.743625
 2.786851 3.734955 8.858546
 2.499547 3.620033 8.552089
 1.723825 3.495534 9.816227
 2.384625 4.13718 7.900866
 1.168370 4.003105 8.935161
 2.135628 4.424485 8.465898
 1.656788 4.357447 8.839393
 1.417367 4.089296 9.232041
 0.766145 3.993528 8.762778
 1.082179 4.13718 8.753201
 0.718261 4.299986 8.753201
 1.436521 4.453215 8.791509
 0.881066 4.367024 8.734048
 0.737414 4.223372 8.963891
 0.919373 4.204218 8.781932
 0.440533 4.07972 9.155427
 0.842759 4.252102 8.398860
 0.756568 4.29041 9.117120
 0.842759 4.31914 8.561666
 0.440533 4.118027 8.801085
 0.871489 4.31914 8.801085
 0.804452 4.357447 8.485051
 0.603339 4.098873 9.184157
 0.670376 4.252102 8.705317
 0.727837 4.10845 9.155427
 1.034295 4.185065 8.906430
 1.072602 4.022259 8.628703
 1.053449 4.10845 8.791509
 1.340753 4.299986 8.657434
 0.450110 4.299986 8.590396
 0.612916 4.185065 9.174581
 0.363919 4.165911 9.375694
 0.536301 4.338294 8.820239
 0.574608 4.213795 9.289502
 0.459687 4.194642 8.944737
 0.028730 4.127604 8.992621
 0.517148 4.34787 8.734048
 -0.009577 4.003105 9.088389
 0.411803 4.060566 9.145850
 0.478840 3.945644 8.983045
 0.057461 3.955221 9.251195
 1.110910 4.299986 9.414001
 0.009577 3.916914 9.260772
 0.708684 4.156334 8.513782
 0.727837 4.050989 8.504205
 0.411803 3.763685 9.892841
 0.651223 4.280833 8.801085
 0.794875 4.29041 8.657434
 0.938527 4.299986 8.935161
 0.919373 4.462792 8.657434
 1.043872 4.491522 8.676587
 0.890643 4.644751 8.552089
 0.804452 4.596867 8.456321
 1.024718 4.577713 8.341399
 1.283292 4.55856 8.389283
 1.340753 4.616021 8.169016
 1.197101 4.730943 8.236053
 1.647211 4.778827 8.485051
 1.810017 4.759673 8.178593
 1.656788 4.711789 7.814674
 2.279280 4.702212 7.661446
 1.589750 4.692636 7.326257
 2.968810 4.663905 7.134721
 2.451663 4.271256 6.991069
 3.208230 4.146757 6.751649
 3.399766 3.332729 8.695741
 5.161899 3.763685 6.473921
 4.299986 3.371036 8.743625
 6.234501 3.591303 6.885724
 6.215348 3.332729 7.048530
 7.067683 2.719813 7.058106
 7.230489 2.375048 6.598420
 7.354988 1.771709 6.320693
 8.054094 1.58975 6.416461
 7.527370 1.283292 5.037400
 7.134721 0.392649 5.066131
 8.465898 -0.162806 5.736507
 9.174581 0.229843 3.830723
 9.222465 -0.517148 5.755661
 8.810662 -0.756568 3.524265
 8.887277 -1.532289 5.659893
 8.896853 -1.225831 4.213795
 9.337387 -1.484405 4.826711
 8.169016 -2.240973 4.338294
 8.188169 -2.576161 3.926491
 8.465898 -2.844312 4.903325
 9.107543 -2.710236 3.246537
 9.002198 -3.169923 4.596867
 9.864111 -3.945644 3.782839
 11.118672 -4.616021 7.096414
 3.189077 4.424485 -0.536301
 7.527370 9.011775 0.277727
 13.733141 -6.991069 4.625597
 19.776106 -21.62443 2.126051
 0.632069 -15.648502 0.890643
 3.552995 0.067038 -1.924938
 3.294421 22.084116 4.625597
 15.840038 20.743364 5.784391
 13.905523 -19.929335 -5.956774
 10.323798 -25.838224 8.044518
 -1.924938 6.636727 -5.075707
 10.496181 23.606829 12.296620
 1.618480 10.189722 0.497994
 7.527370 -13.848063 -4.156334
 30.952240 -26.594793 8.398860
 5.506664 -9.078813 -2.518700
 -0.632069 8.90643 -1.982399
 12.756307 21.317972 -3.150769
 2.173935 0.162806 -0.536301
 21.911734 -29.956251 -6.416461
 21.480778 -25.206156 8.590396
 -4.223372 -0.995988 -7.431602
 -1.848324 23.118412 3.179500
 5.889736 20.9349 0.928950
 3.744531 -5.468357 -8.006210
 35.415031 -34.457352 3.236961
 6.110003 -21.250935 -4.721366
 0.718261 -0.095768 -1.407791
 -0.440533 22.97476 1.752556
 3.792415 20.120871 -1.991976
 3.390190 -3.562572 -3.600879
 21.519085 -34.246662 -1.283292
 24.851814 -27.724855 1.685518
 1.082179 -4.55856 -3.955221
 2.758120 16.395493 1.991976
 15.236700 20.072987 -0.392649
 8.858546 7.632715 -1.177947
 8.753201 -23.779211 -2.911349
 24.056938 -25.627535 15.495274
 5.276821 -9.136273 -6.856994
 9.011775 0.076614 -2.403779
 11.386824 4.367024 -0.660800
 9.806650 2.920926 5.382165
 6.454768 -1.426944 4.357447
 6.636727 -2.27928 5.219360
 5.200206 -2.020706 4.941632
 4.290410 -0.306458 5.525817
 5.037400 0.6608 6.924031
 3.830723 1.206678 6.445191
 5.458780 0.756568 9.327810
 4.817134 1.359907 7.642292
 4.223372 1.37906 8.303091
 3.974375 1.484405 8.456321
 4.060566 1.407791 9.481039
 4.395754 1.838747 8.724471
 3.418920 1.762132 9.097966
 4.098873 1.80044 8.571242
 3.629610 1.532289 8.810662
 3.926491 1.56102 9.212888
 3.792415 1.685518 8.734048
 3.907337 1.570596 9.021352
 3.706224 1.551443 8.963891
 3.926491 1.628057 9.059659
 3.524265 1.695095 8.705317
 4.146757 1.666364 8.916007
 3.428497 1.551443 8.657434
 4.070143 1.675941 8.532935
 3.591303 1.493982 9.394848
 3.505111 1.695095 8.791509
 3.993528 1.714248 8.676587
 3.457227 1.551443 9.270349
 3.936068 1.637634 9.040505
 3.505111 1.599327 8.868123
 3.869030 1.637634 9.059659
 3.543418 1.82917 8.465898
 3.897760 1.580173 9.097966
 3.457227 1.685518 8.695741
 3.715801 1.685518 8.983045
 3.801992 1.771709 8.743625
 3.658340 1.714248 8.935161
 3.533842 1.58975 8.810662
 3.897760 1.656788 8.887277
 3.610456 1.771709 8.714894
 3.907337 1.752556 9.050082
 3.485958 1.752556 8.523358
 3.936068 1.608904 9.356541
 3.572149 1.628057 8.628703
 3.983952 1.628057 8.657434
 3.830723 1.61848 8.829816
 3.811569 1.58975 8.801085
 3.754108 1.446098 9.308656
 4.194642 1.714248 8.724471
